Total_set_tabs: 3.50412654876709 seconds

Fill_material_component_am: 0.3070085048675537 seconds

Fill_material_component_b: 0.07267403602600098 seconds

Fill_material_component_ad: 0.04957938194274902 seconds

Fill_material_component_am: 0.4606776237487793 seconds

Fill_material_component_b: 0.05380511283874512 seconds

Fill_material_component_ad: 0.04636812210083008 seconds

Fill_material_component_elyte: 0.14020657539367676 seconds

Fill_material_component_sep: 0.05643415451049805 seconds